img_path,timestamp,x,y,z,layer_height,extrusion_e,extrusion_rate,speed_f,nozzle_tip_x,nozzle_tip_y,layer_height_class,extrusion_class
dataset_filtered/A2a_000.jpg,2024-10-10_14-14-46,-39.163265,-5.388984,1.703433,0.6,39.41,0.4,1800,650,360,1,2
dataset_filtered/A2a_001.jpg,2024-10-10_14-14-49,18.192883,35.623293,1.923176,0.6,80.97,0.4,1800,650,360,1,2
dataset_filtered/A2a_002.jpg,2024-10-10_14-14-52,15.151985,-39.79929,2.152361,0.6,124.47,0.4,1800,650,360,1,2
dataset_filtered/A2a_003.jpg,2024-10-10_14-14-55,-32.629404,-21.976994,2.265665,0.6,145.97,0.4,1800,650,360,1,2
dataset_filtered/A2a_004.jpg,2024-10-10_14-14-58,-19.868115,40.0,2.441631,0.6,179.21,0.4,1800,650,360,1,2
dataset_filtered/A2a_005.jpg,2024-10-10_14-15-01,39.593495,-40.031611,2.700858,0.6,228.43,0.4,1800,650,360,1,2
dataset_filtered/A2a_006.jpg,2024-10-10_14-15-04,-22.89591,-32.348173,2.835622,0.6,254.02,0.4,1800,650,360,1,2
dataset_filtered/A2a_007.jpg,2024-10-10_14-15-06,-30.0,20.280166,2.97897,0.6,281.17,0.4,1800,650,360,1,2
dataset_filtered/A2a_008.jpg,2024-10-10_14-15-09,36.220259,16.973286,3.17897,0.6,319.08,0.4,1800,650,360,1,2
dataset_filtered/A2a_009.jpg,2024-10-10_14-15-12,12.345245,-39.647581,3.358369,0.6,353.18,0.4,1800,650,360,1,2
dataset_filtered/A2a_010.jpg,2024-10-10_14-15-15,-39.330027,12.213172,3.541202,0.6,387.92,0.4,1800,650,360,1,2
dataset_filtered/A2a_011.jpg,2024-10-10_14-15-18,30.459225,25.927486,3.756652,0.6,428.71,0.4,1800,650,360,1,2
dataset_filtered/A2a_012.jpg,2024-10-10_14-15-21,3.870384,-40.582101,3.976395,0.6,470.52,0.4,1800,650,360,1,2
dataset_filtered/A2a_013.jpg,2024-10-10_14-15-23,-31.587949,-23.630173,4.062232,0.6,486.84,0.4,1800,650,360,1,2
dataset_filtered/A2a_014.jpg,2024-10-10_14-15-26,-20.0,39.762121,4.241631,0.6,520.81,0.4,1800,650,360,1,2
dataset_filtered/A2a_015.jpg,2024-10-10_14-15-29,39.598029,-40.076135,4.500858,0.6,570.14,0.4,1800,650,360,1,2
dataset_filtered/A2a_016.jpg,2024-10-10_14-15-32,-20.262785,-33.982405,4.629614,0.6,594.67,0.4,1800,650,360,1,2
dataset_filtered/A2a_017.jpg,2024-10-10_14-15-35,-30.007265,20.123475,4.779828,0.6,623.19,0.4,1800,650,360,1,2
dataset_filtered/A2a_018.jpg,2024-10-10_14-15-37,36.29565,16.811437,4.979828,0.6,661.2,0.4,1800,650,360,1,2
dataset_filtered/A2a_019.jpg,2024-10-10_14-15-40,0.343357,-40.868619,5.18412,0.6,700.18,0.4,1800,650,360,1,2
dataset_filtered/A2a_020.jpg,2024-10-10_14-15-43,-38.85848,10.719678,5.339485,0.6,729.81,0.4,1800,650,360,1,2
dataset_filtered/A2a_021.jpg,2024-10-10_14-15-46,13.141959,37.779406,5.512876,0.6,762.67,0.4,1800,650,360,1,2
dataset_filtered/A2a_022.jpg,2024-10-10_14-15-49,16.187589,-38.688797,5.750644,0.6,808.11,0.4,1800,650,360,1,2
dataset_filtered/A2a_023.jpg,2024-10-10_14-15-52,-29.066917,-28.001734,5.85279,0.6,827.63,0.4,1800,650,360,1,2
dataset_filtered/A2a_024.jpg,2024-10-10_14-15-54,-30.0,20.797089,5.982403,0.6,852.26,0.4,1800,650,360,1,2
dataset_filtered/A2a_025.jpg,2024-10-10_14-15-57,39.098585,8.443975,6.198712,0.6,893.5,0.4,1800,650,360,1,2
dataset_filtered/A2a_026.jpg,2024-10-10_14-16-00,-11.469094,-36.021733,6.411588,0.6,934.26,0.4,1800,650,360,1,2
dataset_filtered/A2a_027.jpg,2024-10-10_14-16-03,-39.799391,19.994528,6.560944,0.6,962.76,0.4,1800,650,360,1,2
dataset_filtered/A2a_028.jpg,2024-10-10_14-16-06,38.593081,10.515349,6.794421,0.6,1007.26,0.4,1800,650,360,1,2
dataset_filtered/A2a_029.jpg,2024-10-10_14-16-09,-4.810409,-39.573052,6.996137,0.6,1045.94,0.4,1800,650,360,1,2
dataset_filtered/A2a_030.jpg,2024-10-10_14-16-11,-40.46836,-5.505105,7.106867,0.6,1067.15,0.4,1800,650,360,1,2
dataset_filtered/A2a_031.jpg,2024-10-10_14-16-14,-19.841779,40.0,7.245064,0.6,1093.35,0.4,1800,650,360,1,2
dataset_filtered/A2a_032.jpg,2024-10-10_14-16-17,16.799023,-38.231301,7.549785,0.6,1151.83,0.4,1800,650,360,1,2
dataset_filtered/A2a_033.jpg,2024-10-10_14-16-20,-26.966277,-30.853631,7.646781,0.6,1170.44,0.4,1800,650,360,1,2
dataset_filtered/A2a_034.jpg,2024-10-10_14-16-23,-30.0,20.568319,7.78412,0.6,1196.66,0.4,1800,650,360,1,2
dataset_filtered/A2a_035.jpg,2024-10-10_14-16-26,39.612452,-40.142291,8.100858,0.6,1257.34,0.4,1800,650,360,1,2
dataset_filtered/A2a_036.jpg,2024-10-10_14-16-28,-13.612461,-34.937304,8.217597,0.6,1279.76,0.4,1800,650,360,1,2
dataset_filtered/A2a_037.jpg,2024-10-10_14-16-31,-38.336433,9.882,8.341202,0.6,1303.5,0.4,1800,650,360,1,2
dataset_filtered/A2a_038.jpg,2024-10-10_14-16-34,17.012081,35.680638,8.524893,0.6,1338.5,0.4,1800,650,360,1,2
dataset_filtered/A2a_039.jpg,2024-10-10_14-16-37,-4.074296,-40.027986,8.795279,0.6,1390.5,0.4,1800,650,360,1,2
dataset_filtered/A2a_040.jpg,2024-10-10_14-16-40,-39.203695,-8.520093,8.901717,0.6,1410.96,0.4,1800,650,360,1,2
dataset_filtered/A2a_041.jpg,2024-10-10_14-16-43,-20.0,39.586537,9.045923,0.6,1438.46,0.4,1800,650,360,1,2
dataset_filtered/A2a_042.jpg,2024-10-10_14-16-45,29.203461,-41.630975,9.323176,0.6,1491.76,0.4,1800,650,360,1,2
dataset_filtered/A2a_043.jpg,2024-10-10_14-16-48,-21.040339,-33.878319,9.433906,0.6,1513.06,0.4,1800,650,360,1,2
dataset_filtered/A2a_044.jpg,2024-10-10_14-16-51,-30.0,20.36378,9.585837,0.6,1542.13,0.4,1800,650,360,1,2
dataset_filtered/A2a_045.jpg,2024-10-10_14-16-54,35.345378,-41.709575,9.9103,0.6,1604.46,0.4,1800,650,360,1,2
dataset_filtered/A2a_046.jpg,2024-10-10_14-16-57,-21.304886,-33.833483,10.034764,0.6,1628.4,0.4,1800,650,360,1,2
dataset_filtered/A2a_047.jpg,2024-10-10_14-17-00,-40.018841,4.328027,10.130901,0.6,1646.88,0.4,1800,650,360,1,2
dataset_filtered/A2a_048.jpg,2024-10-10_14-17-02,8.268847,39.135839,10.306867,0.6,1680.49,0.4,1800,650,360,1,2
dataset_filtered/A2a_049.jpg,2024-10-10_14-17-05,-6.220893,-38.673937,10.601288,0.6,1737.15,0.4,1800,650,360,1,2
dataset_filtered/A2a_050.jpg,2024-10-10_14-17-08,-30.671148,-26.176742,10.661373,0.6,1748.7,0.4,1800,650,360,1,2
dataset_filtered/A2a_051.jpg,2024-10-10_14-17-11,-20.0,30.484236,10.828755,0.6,1780.72,0.4,1800,650,360,1,2
dataset_filtered/A2a_052.jpg,2024-10-10_14-17-14,20.394797,-38.346525,11.142918,0.6,1841.12,0.4,1800,650,360,1,2
dataset_filtered/A2a_053.jpg,2024-10-10_14-17-17,-24.630332,-32.794643,11.242489,0.6,1860.26,0.4,1800,650,360,1,2
dataset_filtered/A2a_054.jpg,2024-10-10_14-17-20,-30.363549,20.0,11.385837,0.6,1887.73,0.4,1800,650,360,1,2
dataset_filtered/A2a_055.jpg,2024-10-10_14-17-23,40.0,-7.38397,11.632189,0.6,1934.93,0.4,1800,650,360,1,2
dataset_filtered/A2a_056.jpg,2024-10-10_14-17-25,-6.108233,-38.749273,11.801288,0.6,1967.43,0.4,1800,650,360,1,2
dataset_filtered/A2a_057.jpg,2024-10-10_14-17-28,-41.563779,-2.952369,11.916309,0.6,1989.51,0.4,1800,650,360,1,2
dataset_filtered/A2a_058.jpg,2024-10-10_14-17-31,8.357626,39.074245,12.108584,0.6,2026.25,0.4,1800,650,360,1,2
dataset_filtered/A2a_059.jpg,2024-10-10_14-17-34,-3.289905,-40.515319,12.394421,0.6,2081.1,0.4,1800,650,360,1,2
dataset_filtered/A2a_060.jpg,2024-10-10_14-17-37,-31.657334,-22.874422,12.469099,0.6,2095.42,0.4,1800,650,360,1,2
dataset_filtered/A2a_061.jpg,2024-10-10_14-17-39,-29.479928,30.0,12.609013,0.6,2122.12,0.4,1800,650,360,1,2
dataset_filtered/A2a_062.jpg,2024-10-10_14-17-42,20.038442,-38.292919,12.943777,0.6,2186.2,0.4,1800,650,360,1,2
dataset_filtered/A2a_063.jpg,2024-10-10_14-17-45,-24.471681,-32.807268,13.042489,0.6,2205.08,0.4,1800,650,360,1,2
dataset_filtered/A2a_064.jpg,2024-10-10_14-17-48,-38.283597,15.290089,13.155794,0.6,2226.74,0.4,1800,650,360,1,2
dataset_filtered/A2a_065.jpg,2024-10-10_14-17-51,39.391713,6.309155,13.403004,0.6,2273.83,0.4,1800,650,360,1,2
dataset_filtered/A2a_066.jpg,2024-10-10_14-17-53,-28.638409,-29.545391,13.653648,0.6,2321.7,0.4,1800,650,360,1,2
dataset_filtered/A2a_067.jpg,2024-10-10_14-17-56,-39.355522,-8.314446,13.704292,0.6,2331.37,0.4,1800,650,360,1,2
dataset_filtered/A2a_068.jpg,2024-10-10_14-17-59,5.055194,39.679127,13.902575,0.6,2369.04,0.4,1800,650,360,1,2
dataset_filtered/A2a_069.jpg,2024-10-10_14-18-02,-10.955723,-35.73162,14.213305,0.6,2428.24,0.4,1800,650,360,1,2
dataset_filtered/A2a_070.jpg,2024-10-10_14-18-05,-40.784323,-5.346483,14.311159,0.6,2446.86,0.4,1800,650,360,1,2
dataset_filtered/A2a_071.jpg,2024-10-10_14-18-07,-30.0,20.621643,14.388412,0.6,2461.49,0.4,1800,650,360,1,2
dataset_filtered/A2a_072.jpg,2024-10-10_14-18-10,32.119975,-41.907061,14.717167,0.6,2523.93,0.4,1800,650,360,1,2
dataset_filtered/A2a_073.jpg,2024-10-10_14-18-13,-34.483845,-14.754694,14.887124,0.6,2556.18,0.4,1800,650,360,1,2
dataset_filtered/A2a_074.jpg,2024-10-10_14-18-16,-38.140751,12.604699,14.949785,0.6,2568.06,0.4,1800,650,360,1,2
dataset_filtered/A2a_075.jpg,2024-10-10_14-18-19,39.710042,3.457178,15.208155,0.6,2616.89,0.4,1800,650,360,1,2
dataset_filtered/A2a_076.jpg,2024-10-10_14-18-22,-30.995586,-25.055794,15.463948,0.6,2665.29,0.4,1800,650,360,1,2
dataset_filtered/A2a_077.jpg,2024-10-10_14-18-24,-38.28881,13.106958,15.550644,0.6,2681.68,0.4,1800,650,360,1,2
dataset_filtered/A2a_078.jpg,2024-10-10_14-18-27,-19.63185,40.0,15.651073,0.6,2700.49,0.4,1800,650,360,1,2
dataset_filtered/A2a_079.jpg,2024-10-10_14-18-30,-24.058036,-32.589421,16.041631,0.6,2774.18,0.4,1800,650,360,1,2
dataset_filtered/A2a_080.jpg,2024-10-10_14-18-33,-40.825081,0.535871,16.123176,0.6,2789.54,0.4,1800,650,360,1,2
dataset_filtered/A2a_081.jpg,2024-10-10_14-18-36,-29.881028,30.0,16.208155,0.6,2805.45,0.4,1800,650,360,1,2
dataset_filtered/A2a_082.jpg,2024-10-10_14-18-39,19.919462,-38.791934,16.543777,0.6,2868.51,0.4,1800,650,360,1,2
dataset_filtered/A2a_083.jpg,2024-10-10_14-18-41,-38.669802,10.490351,16.744635,0.6,2906.21,0.4,1800,650,360,1,2
dataset_filtered/A2a_084.jpg,2024-10-10_14-18-44,-30.0,20.481305,16.787554,0.6,2914.22,0.4,1800,650,360,1,2
dataset_filtered/A2a_085.jpg,2024-10-10_14-18-47,31.29325,-41.305914,17.118884,0.6,2976.2,0.4,1800,650,360,1,2
dataset_filtered/A2a_086.jpg,2024-10-10_14-18-51,-39.92569,19.702745,17.364378,0.6,3022.12,0.4,1800,650,360,1,2
dataset_filtered/A2a_087.jpg,2024-10-10_14-18-53,-30.0,20.53568,17.387554,0.6,3026.38,0.4,1800,650,360,1,2
dataset_filtered/A2a_088.jpg,2024-10-10_14-18-56,30.492982,-41.072648,17.720601,0.6,3088.44,0.4,1800,650,360,1,2
dataset_filtered/A2a_089.jpg,2024-10-10_14-18-59,-40.261083,2.355374,17.926609,0.6,3126.83,0.4,1800,650,360,1,2
dataset_filtered/A2a_090.jpg,2024-10-10_14-19-03,-30.0,29.766712,18.007296,0.6,3141.77,0.4,1800,650,360,1,2
dataset_filtered/A2a_091.jpg,2024-10-10_14-19-06,4.019038,-40.706277,18.378112,0.6,3210.62,0.4,1800,650,360,1,2
dataset_filtered/A2a_092.jpg,2024-10-10_14-19-09,-29.864847,30.0,18.608155,0.6,3253.2,0.4,1800,650,360,1,2
dataset_filtered/A2a_093.jpg,2024-10-10_14-19-12,-20.0,30.495077,18.630472,0.6,3257.31,0.4,1800,650,360,1,2
dataset_filtered/A2a_094.jpg,2024-10-10_14-19-15,18.655327,-39.280477,18.946352,0.6,3315.85,0.4,1800,650,360,1,2
dataset_filtered/A2a_095.jpg,2024-10-10_14-19-18,-39.795399,20.0,19.165236,0.6,3356.31,0.4,1800,650,360,1,2
dataset_filtered/A2a_096.jpg,2024-10-10_14-19-20,-19.996273,39.919501,19.251073,0.6,3372.11,0.4,1800,650,360,1,2
dataset_filtered/A2a_097.jpg,2024-10-10_14-19-23,39.684123,-2.426684,19.418455,0.6,3403.02,0.4,1800,650,360,1,2
dataset_filtered/A2a_098.jpg,2024-10-10_14-19-26,-30.264977,-25.587626,19.661373,0.6,3447.88,0.4,1800,650,360,1,2
dataset_filtered/A2a_099.jpg,2024-10-10_14-19-29,-20.0,30.25248,19.830472,0.6,3478.95,0.4,1800,650,360,1,2
dataset_filtered/A2a_100.jpg,2024-10-10_14-19-32,39.457239,-3.020086,20.019313,0.6,3513.72,0.4,1800,650,360,1,2
dataset_filtered/A2a_101.jpg,2024-10-10_14-19-35,-30.170167,-25.565095,20.261373,0.6,3558.31,0.4,1800,650,360,1,2
dataset_filtered/A2a_102.jpg,2024-10-10_14-19-37,-19.275608,40.0,20.453648,0.6,3593.51,0.4,1800,650,360,1,2
dataset_filtered/A2a_103.jpg,2024-10-10_14-19-40,39.476251,-3.890054,20.62103,0.6,3624.29,0.4,1800,650,360,1,2
dataset_filtered/A2a_104.jpg,2024-10-10_14-19-43,-18.049888,-35.052221,20.827897,0.6,3662.31,0.4,1800,650,360,1,2
dataset_filtered/A2a_105.jpg,2024-10-10_14-19-46,-29.236717,30.0,21.01073,0.6,3695.76,0.4,1800,650,360,1,2
dataset_filtered/A2a_106.jpg,2024-10-10_14-19-49,39.728764,-5.038397,21.223605,0.6,3734.73,0.4,1800,650,360,1,2
dataset_filtered/A2a_107.jpg,2024-10-10_14-19-51,-4.505077,-39.37182,21.396996,0.6,3766.56,0.4,1800,650,360,1,2
dataset_filtered/A2a_108.jpg,2024-10-10_14-19-54,-39.44266,20.0,21.566953,0.6,3797.71,0.4,1800,650,360,1,2
dataset_filtered/A2a_109.jpg,2024-10-10_14-19-57,39.995945,-5.300324,21.824464,0.6,3844.9,0.4,1800,650,360,1,2
dataset_filtered/A2a_110.jpg,2024-10-10_14-20-00,-15.914144,-36.291781,22.022747,0.6,3881.34,0.4,1800,650,360,1,2
dataset_filtered/A2a_111.jpg,2024-10-10_14-20-03,-40.013391,19.816622,22.165236,0.6,3907.54,0.4,1800,650,360,1,2
dataset_filtered/A2a_112.jpg,2024-10-10_14-20-06,-3.927129,39.38465,22.287983,0.6,3929.94,0.4,1800,650,360,1,2
dataset_filtered/A2a_113.jpg,2024-10-10_14-20-08,39.606661,-39.959369,22.500858,0.6,3969.13,0.4,1800,650,360,1,2
dataset_filtered/A2a_114.jpg,2024-10-10_14-20-11,-31.564644,-23.71051,22.666524,0.6,3999.65,0.4,1800,650,360,1,2
dataset_filtered/A2a_115.jpg,2024-10-10_14-20-14,-3.886924,39.934992,22.887124,0.6,4040.19,0.4,1800,650,360,1,2
dataset_filtered/A2a_116.jpg,2024-10-10_14-20-17,39.730305,-3.237312,23.020172,0.6,4064.75,0.4,1800,650,360,1,2
dataset_filtered/A2a_117.jpg,2024-10-10_14-20-20,-15.711468,-36.783044,23.221888,0.6,4102.01,0.4,1800,650,360,1,2
dataset_filtered/A2a_118.jpg,2024-10-10_14-20-23,-29.878009,30.0,23.409013,0.6,4136.49,0.4,1800,650,360,1,2
dataset_filtered/A2a_119.jpg,2024-10-10_14-20-26,-2.321013,39.479233,23.490558,0.6,4151.54,0.4,1800,650,360,1,2
dataset_filtered/A2a_120.jpg,2024-10-10_14-20-28,14.754047,-40.890329,23.754936,0.6,4200.53,0.4,1800,650,360,1,2
dataset_filtered/A2a_121.jpg,2024-10-10_14-20-31,-41.061459,13.095269,23.950644,0.6,4236.83,0.4,1800,650,360,1,2
dataset_filtered/A2a_122.jpg,2024-10-10_14-20-34,-20.0,39.662529,24.051073,0.6,4255.34,0.4,1800,650,360,1,2
dataset_filtered/A2a_123.jpg,2024-10-10_14-20-37,40.0,-2.853375,24.220172,0.6,4286.74,0.4,1800,650,360,1,2
dataset_filtered/A2a_124.jpg,2024-10-10_14-20-40,-35.29839,-19.646785,24.478541,0.6,4334.82,0.4,1800,650,360,1,2
dataset_filtered/A2a_125.jpg,2024-10-10_14-20-43,-20.0,30.469622,24.63133,0.6,4363.2,0.4,1800,650,360,1,2
dataset_filtered/A2a_126.jpg,2024-10-10_14-20-46,-0.815139,39.674057,24.693133,0.6,4374.69,0.4,1800,650,360,1,2
dataset_filtered/A2a_127.jpg,2024-10-10_14-20-48,-16.777818,-36.72175,25.024464,0.6,4436.58,0.4,1800,650,360,1,2
dataset_filtered/A2a_128.jpg,2024-10-10_14-20-51,-29.637996,30.0,25.209871,0.6,4471.18,0.4,1800,650,360,1,2
dataset_filtered/A2a_129.jpg,2024-10-10_14-20-54,-0.267269,39.854359,25.293991,0.6,4486.89,0.4,1800,650,360,1,2
dataset_filtered/A2a_130.jpg,2024-10-10_14-20-57,1.170916,-38.148853,25.584979,0.6,4541.48,0.4,1800,650,360,1,2
dataset_filtered/A2a_131.jpg,2024-10-10_14-21-00,-40.495299,18.511081,25.763519,0.6,4574.99,0.4,1800,650,360,1,2
dataset_filtered/A2a_132.jpg,2024-10-10_14-21-02,-20.0,30.33278,25.83133,0.6,4587.61,0.4,1800,650,360,1,2
dataset_filtered/A2a_133.jpg,2024-10-10_14-21-05,39.999901,0.069781,26.015021,0.6,4622.18,0.4,1800,650,360,1,2
dataset_filtered/A2a_134.jpg,2024-10-10_14-21-08,-26.634803,-26.528428,26.255365,0.6,4667.49,0.4,1800,650,360,1,2
dataset_filtered/A2a_135.jpg,2024-10-10_14-21-11,-20.179958,30.0,26.430472,0.6,4700.45,0.4,1800,650,360,1,2
dataset_filtered/A2a_136.jpg,2024-10-10_14-21-14,0.682502,39.994162,26.495708,0.6,4712.74,0.4,1800,650,360,1,2
dataset_filtered/A2a_137.jpg,2024-10-10_14-21-16,4.552473,-38.179192,26.778112,0.6,4766.18,0.4,1800,650,360,1,2
dataset_filtered/A2a_138.jpg,2024-10-10_14-21-19,-39.238552,20.0,26.969528,0.6,4802.42,0.4,1800,650,360,1,2
dataset_filtered/A2a_139.jpg,2024-10-10_14-21-22,-20.0,39.892924,27.051931,0.6,4817.96,0.4,1800,650,360,1,2
dataset_filtered/A2a_140.jpg,2024-10-10_14-21-25,32.186411,-37.811338,27.317167,0.6,4868.34,0.4,1800,650,360,1,2
dataset_filtered/A2a_141.jpg,2024-10-10_14-21-28,-37.375367,-1.055716,27.521459,0.6,4907.21,0.4,1800,650,360,1,2
dataset_filtered/A2a_142.jpg,2024-10-10_14-21-31,-29.43549,30.0,27.611588,0.6,4924.28,0.4,1800,650,360,1,2
dataset_filtered/A2a_143.jpg,2024-10-10_14-21-33,3.484842,39.628856,27.701717,0.6,4941.39,0.4,1800,650,360,1,2
dataset_filtered/A2a_144.jpg,2024-10-10_14-21-36,-17.769845,-36.522345,28.027897,0.6,5003.71,0.4,1800,650,360,1,2
dataset_filtered/A2a_145.jpg,2024-10-10_14-21-39,-30.277688,20.0,28.18927,0.6,5034.55,0.4,1800,650,360,1,2
dataset_filtered/A2a_146.jpg,2024-10-10_14-21-42,-20.0,39.746374,28.251931,0.6,5046.45,0.4,1800,650,360,1,2
dataset_filtered/A2a_147.jpg,2024-10-10_14-21-44,17.882411,-42.43558,28.548927,0.6,5103.36,0.4,1800,650,360,1,2
dataset_filtered/A2a_148.jpg,2024-10-10_14-21-47,-36.884601,-2.189585,28.719742,0.6,5136.14,0.4,1800,650,360,1,2
dataset_filtered/A2a_149.jpg,2024-10-10_14-21-50,-30.053904,20.019566,28.790129,0.6,5149.63,0.4,1800,650,360,1,2
dataset_filtered/A2a_150.jpg,2024-10-10_14-21-53,5.845731,38.972306,28.906867,0.6,5171.94,0.4,1800,650,360,1,2
dataset_filtered/A2a_151.jpg,2024-10-10_14-21-56,-13.263622,-39.715288,29.216738,0.6,5231.62,0.4,1800,650,360,1,2
dataset_filtered/A2a_152.jpg,2024-10-10_14-21-59,-41.644042,8.132984,29.343777,0.6,5256.1,0.4,1800,650,360,1,2
dataset_filtered/A2a_153.jpg,2024-10-10_14-22-02,-40.047453,19.908871,29.369528,0.6,5261.06,0.4,1800,650,360,1,2
dataset_filtered/A2a_154.jpg,2024-10-10_14-22-05,20.357001,-42.021365,29.743777,0.6,5333.17,0.4,1800,650,360,1,2
dataset_filtered/A2a_155.jpg,2024-10-10_14-22-07,-37.576532,-18.604521,29.885408,0.6,5360.54,0.4,1800,650,360,1,2
dataset_filtered/A2a_156.jpg,2024-10-10_14-22-10,-38.192584,1.885208,29.929185,0.6,5369.01,0.4,1800,650,360,1,2
dataset_filtered/A2a_157.jpg,2024-10-10_14-22-13,6.70189,39.40158,30.107725,0.6,5403.39,0.4,1800,650,360,1,2
dataset_filtered/A2a_158.jpg,2024-10-10_14-22-16,-14.023871,-39.617482,30.418455,0.6,5463.6,0.4,1800,650,360,1,2
dataset_filtered/A2a_159.jpg,2024-10-10_14-22-19,-36.647874,-4.075974,30.516309,0.6,5482.57,0.4,1800,650,360,1,2
dataset_filtered/A2a_160.jpg,2024-10-10_14-22-21,-41.676622,8.005289,30.543777,0.6,5487.9,0.4,1800,650,360,1,2
dataset_filtered/A2a_161.jpg,2024-10-10_14-22-24,31.404451,-37.257321,30.918884,0.6,5560.53,0.4,1800,650,360,1,2
dataset_filtered/A2a_162.jpg,2024-10-10_14-22-27,-37.857321,-18.276049,31.086266,0.6,5593.04,0.4,1800,650,360,1,2
dataset_filtered/A2a_163.jpg,2024-10-10_14-22-30,-36.707163,-1.547895,31.121459,0.6,5599.88,0.4,1800,650,360,1,2
dataset_filtered/A2a_164.jpg,2024-10-10_14-22-33,8.685239,39.045704,31.311159,0.6,5636.63,0.4,1800,650,360,1,2
dataset_filtered/A2a_165.jpg,2024-10-10_14-22-36,-15.214051,-39.063,31.62103,0.6,5696.9,0.4,1800,650,360,1,2
dataset_filtered/A2a_166.jpg,2024-10-10_14-22-38,-36.651557,-4.345331,31.715451,0.6,5715.28,0.4,1800,650,360,1,2
dataset_filtered/A2a_167.jpg,2024-10-10_14-22-41,-41.901455,16.231791,31.760944,0.6,5724.13,0.4,1800,650,360,1,2
dataset_filtered/A2a_168.jpg,2024-10-10_14-22-44,2.420381,-37.04228,32.183262,0.6,5806.22,0.4,1800,650,360,1,2
dataset_filtered/A2a_169.jpg,2024-10-10_14-22-47,-38.245841,-17.265585,32.287983,0.6,5826.6,0.4,1800,650,360,1,2
dataset_filtered/A2a_170.jpg,2024-10-10_14-22-50,-42.779903,12.398233,32.352361,0.6,5839.14,0.4,1800,650,360,1,2
dataset_filtered/A2a_171.jpg,2024-10-10_14-22-53,33.034331,-37.28001,32.715451,0.6,5909.7,0.4,1800,650,360,1,2
dataset_filtered/A2a_172.jpg,2024-10-10_14-22-56,-37.405959,-18.94159,32.883691,0.6,5942.46,0.4,1800,650,360,1,2
dataset_filtered/A2a_173.jpg,2024-10-10_14-22-59,-41.578114,7.85559,32.94206,0.6,5953.83,0.4,1800,650,360,1,2
dataset_filtered/A2a_174.jpg,2024-10-10_14-23-01,2.889822,39.895167,33.097425,0.6,5983.91,0.4,1800,650,360,1,2
dataset_filtered/A2a_175.jpg,2024-10-10_14-23-04,-13.643053,-39.653501,33.416738,0.6,6046.07,0.4,1800,650,360,1,2
dataset_filtered/A2a_176.jpg,2024-10-10_14-23-07,-36.866279,-1.531906,33.519742,0.6,6066.12,0.4,1800,650,360,1,2
dataset_filtered/A2a_177.jpg,2024-10-10_14-23-10,-30.043923,20.162698,33.588412,0.6,6079.42,0.4,1800,650,360,1,2
dataset_filtered/A2a_178.jpg,2024-10-10_14-23-13,17.691463,-42.545967,33.948927,0.6,6149.42,0.4,1800,650,360,1,2
dataset_filtered/A2a_179.jpg,2024-10-10_14-23-15,-42.427327,10.991308,34.14721,0.6,6187.96,0.4,1800,650,360,1,2
dataset_filtered/A2a_180.jpg,2024-10-10_14-23-18,-29.404115,30.0,34.209013,0.6,6199.83,0.4,1800,650,360,1,2
dataset_filtered/A2a_181.jpg,2024-10-10_14-23-21,38.944143,9.129775,34.398712,0.6,6236.62,0.4,1800,650,360,1,2
dataset_filtered/A2a_182.jpg,2024-10-10_14-23-24,-38.537175,-13.551128,34.693133,0.6,6293.77,0.4,1800,650,360,1,2
dataset_filtered/A2a_183.jpg,2024-10-10_14-23-27,-20.194164,30.02429,34.827039,0.6,6319.61,0.4,1800,650,360,1,2
dataset_filtered/A2a_184.jpg,2024-10-10_14-23-29,36.592679,16.135327,34.983262,0.6,6349.84,0.4,1800,650,360,1,2
dataset_filtered/A2a_185.jpg,2024-10-10_14-23-32,-20.15632,-33.476165,35.233906,0.6,6398.41,0.4,1800,650,360,1,2
dataset_filtered/A2a_186.jpg,2024-10-10_14-23-35,-29.266535,30.0,35.407296,0.6,6431.81,0.4,1800,650,360,1,2
dataset_filtered/A2a_187.jpg,2024-10-10_14-23-38,36.13265,17.158936,35.580687,0.6,6465.27,0.4,1800,650,360,1,2
dataset_filtered/A2a_188.jpg,2024-10-10_14-23-41,4.813662,-38.16775,35.776395,0.6,6503.12,0.4,1800,650,360,1,2
dataset_filtered/A2a_189.jpg,2024-10-10_14-23-44,-41.987334,13.731197,35.949785,0.6,6536.62,0.4,1800,650,360,1,2
dataset_filtered/A2a_190.jpg,2024-10-10_14-23-46,18.244679,35.596419,36.126609,0.6,6570.48,0.4,1800,650,360,1,2
dataset_filtered/A2a_191.jpg,2024-10-10_14-23-49,32.015339,-38.02912,36.317167,0.6,6607.25,0.4,1800,650,360,1,2
dataset_filtered/A2a_192.jpg,2024-10-10_14-23-52,-38.343469,-12.286628,36.493133,0.6,6641.17,0.4,1800,650,360,1,2
dataset_filtered/A2a_193.jpg,2024-10-10_14-23-55,8.055898,39.180017,36.703433,0.6,6681.4,0.4,1800,650,360,1,2
dataset_filtered/A2a_194.jpg,2024-10-10_14-23-58,31.982022,-38.229426,36.917167,0.6,6722.55,0.4,1800,650,360,1,2
dataset_filtered/A2a_195.jpg,2024-10-10_14-24-00,-13.484766,-38.728274,37.014163,0.6,6741.2,0.4,1800,650,360,1,2
dataset_filtered/A2a_196.jpg,2024-10-10_14-24-03,-30.001166,20.220061,37.182403,0.6,6773.44,0.4,1800,650,360,1,2
dataset_filtered/A2a_197.jpg,2024-10-10_14-24-06,39.967628,1.608381,37.413305,0.6,6817.62,0.4,1800,650,360,1,2
dataset_filtered/A2a_198.jpg,2024-10-10_14-24-09,-16.874516,-36.696977,37.621888,0.6,6857.63,0.4,1800,650,360,1,2
dataset_filtered/A2a_199.jpg,2024-10-10_14-24-12,-30.189483,20.034596,37.780687,0.6,6888.01,0.4,1800,650,360,1,2
dataset_filtered/A2a_200.jpg,2024-10-10_14-24-15,26.658762,-39.490315,38.128326,0.6,6954.38,0.4,1800,650,360,1,2
dataset_filtered/A2a_201.jpg,2024-10-10_14-24-17,-25.142807,-28.374881,38.245923,0.6,6976.86,0.4,1800,650,360,1,2
dataset_filtered/A2a_202.jpg,2024-10-10_14-24-20,-39.933575,19.894476,38.359227,0.6,6998.5,0.4,1800,650,360,1,2
dataset_filtered/A2a_203.jpg,2024-10-10_14-24-23,22.695081,32.938207,38.535193,0.6,7031.91,0.4,1800,650,360,1,2
dataset_filtered/A2a_204.jpg,2024-10-10_14-24-26,-18.110861,-35.512681,38.824464,0.6,7087.11,0.4,1800,650,360,1,2
dataset_filtered/A2a_205.jpg,2024-10-10_14-24-29,-40.936102,13.886425,38.945494,0.6,7110.2,0.4,1800,650,360,1,2
dataset_filtered/A2a_206.jpg,2024-10-10_14-24-31,-19.083266,40.0,39.044206,0.6,7128.8,0.4,1800,650,360,1,2
dataset_filtered/A2a_207.jpg,2024-10-10_14-24-34,-18.549714,-35.100634,39.425322,0.6,7201.4,0.4,1800,650,360,1,2
dataset_filtered/A2a_208.jpg,2024-10-10_14-24-37,-39.734178,20.0,39.558369,0.6,7226.69,0.4,1800,650,360,1,2
dataset_filtered/A2a_209.jpg,2024-10-10_14-24-40,8.050778,39.18137,39.700858,0.6,7253.67,0.4,1800,650,360,1,2
dataset_filtered/A2a_210.jpg,2024-10-10_14-24-43,-10.382544,-38.410184,40.006438,0.6,7311.78,0.4,1800,650,360,1,2
dataset_filtered/A2a_211.jpg,2024-10-10_14-24-45,-39.920318,20.0,40.157511,0.6,7340.46,0.4,1800,650,360,1,2
dataset_filtered/A2a_212.jpg,2024-10-10_14-24-48,-20.0,30.686834,40.221888,0.6,7352.6,0.4,1800,650,360,1,2
dataset_filtered/A2a_213.jpg,2024-10-10_14-24-51,40.0,-40.0,40.5,0.6,7405.41,0.4,1800,650,360,1,2
dataset_filtered/A2a_214.jpg,2024-10-10_14-24-54,-38.909898,-5.418398,40.703433,0.6,7444.04,0.4,1800,650,360,1,2
dataset_filtered/A2a_215.jpg,2024-10-10_14-24-57,-29.415421,30.0,40.800429,0.6,7462.36,0.4,1800,650,360,1,2
dataset_filtered/A2a_216.jpg,2024-10-10_14-24-59,33.696666,21.553065,40.967811,0.6,7494.08,0.4,1800,650,360,1,2
dataset_filtered/A2a_217.jpg,2024-10-10_14-25-02,-39.383521,20.0,41.358369,0.6,7568.17,0.4,1800,650,360,1,2
dataset_filtered/A2a_218.jpg,2024-10-10_14-25-05,22.718428,32.922225,41.534335,0.6,7601.47,0.4,1800,650,360,1,2
dataset_filtered/A2a_219.jpg,2024-10-10_14-25-08,39.410062,6.844487,41.601288,0.6,7614.17,0.4,1800,650,360,1,2
dataset_filtered/A2a_220.jpg,2024-10-10_14-25-11,-33.138626,-21.367983,41.867382,0.6,7664.7,0.4,1800,650,360,1,2
dataset_filtered/A2a_221.jpg,2024-10-10_14-25-13,-20.0,39.645108,42.040773,0.6,7697.48,0.4,1800,650,360,1,2
dataset_filtered/A2a_222.jpg,2024-10-10_14-25-16,30.507519,25.870647,42.156652,0.6,7719.48,0.4,1800,650,360,1,2
dataset_filtered/A2a_223.jpg,2024-10-10_14-25-19,2.561652,-40.375333,42.37897,0.6,7761.73,0.4,1800,650,360,1,2
dataset_filtered/A2a_224.jpg,2024-10-10_14-25-22,-39.705238,20.0,42.558369,0.6,7795.76,0.4,1800,650,360,1,2
dataset_filtered/A2a_225.jpg,2024-10-10_14-25-25,-19.712706,40.0,42.642489,0.6,7811.6,0.4,1800,650,360,1,2
dataset_filtered/A2a_226.jpg,2024-10-10_14-25-27,22.564514,33.027854,42.734335,0.6,7829.07,0.4,1800,650,360,1,2
dataset_filtered/A2a_227.jpg,2024-10-10_14-25-30,-14.10387,-35.820651,43.01588,0.6,7882.65,0.4,1800,650,360,1,2
dataset_filtered/A2a_228.jpg,2024-10-10_14-25-33,-39.207249,20.0,43.160086,0.6,7910.01,0.4,1800,650,360,1,2
dataset_filtered/A2a_229.jpg,2024-10-10_14-25-36,-20.0,30.222825,43.221888,0.6,7921.63,0.4,1800,650,360,1,2
dataset_filtered/A2a_230.jpg,2024-10-10_14-25-39,38.209491,11.833538,43.390987,0.6,7953.8,0.4,1800,650,360,1,2
dataset_filtered/A2a_231.jpg,2024-10-10_14-25-41,-36.772037,-12.472824,43.688841,0.6,8010.62,0.4,1800,650,360,1,2
dataset_filtered/A2a_232.jpg,2024-10-10_14-25-44,-30.202537,20.002213,43.779828,0.6,8027.87,0.4,1800,650,360,1,2
dataset_filtered/A2a_233.jpg,2024-10-10_14-25-47,7.950073,39.201786,43.901717,0.6,8050.92,0.4,1800,650,360,1,2
dataset_filtered/A2a_234.jpg,2024-10-10_14-25-50,-5.780353,-39.080662,44.197854,0.6,8107.55,0.4,1800,650,360,1,2
dataset_filtered/A2a_235.jpg,2024-10-10_14-25-53,-38.689757,10.197587,44.339485,0.6,8134.62,0.4,1800,650,360,1,2
dataset_filtered/A2a_236.jpg,2024-10-10_14-25-56,-30.0,20.970351,44.383262,0.6,8142.83,0.4,1800,650,360,1,2
dataset_filtered/A2a_237.jpg,2024-10-10_14-25-58,30.611882,25.746912,44.558369,0.6,8176.18,0.4,1800,650,360,1,2
dataset_filtered/A2a_238.jpg,2024-10-10_14-26-01,-29.597042,-27.883629,44.854506,0.6,8233.0,0.4,1800,650,360,1,2
dataset_filtered/A2a_239.jpg,2024-10-10_14-26-04,-41.115272,-1.960223,44.914592,0.6,8244.52,0.4,1800,650,360,1,2
dataset_filtered/A2a_240.jpg,2024-10-10_14-26-07,-20.0,39.713178,45.044206,0.6,8269.07,0.4,1800,650,360,1,2
dataset_filtered/A2a_241.jpg,2024-10-10_14-26-10,1.617083,-41.714111,45.382403,0.6,8334.1,0.4,1800,650,360,1,2
dataset_filtered/A2a_242.jpg,2024-10-10_14-26-12,-39.299137,-8.684732,45.500858,0.6,8356.9,0.4,1800,650,360,1,2
dataset_filtered/A2a_243.jpg,2024-10-10_14-26-15,-39.248402,20.0,45.564378,0.6,8368.99,0.4,1800,650,360,1,2
dataset_filtered/A2a_244.jpg,2024-10-10_14-26-18,18.298119,35.569028,45.726609,0.6,8399.98,0.4,1800,650,360,1,2
dataset_filtered/A2a_245.jpg,2024-10-10_14-26-21,-7.151641,-38.009637,46.003004,0.6,8453.4,0.4,1800,650,360,1,2
dataset_filtered/A2a_246.jpg,2024-10-10_14-26-24,-32.642015,-18.129398,46.077682,0.6,8467.82,0.4,1800,650,360,1,2
dataset_filtered/A2a_247.jpg,2024-10-10_14-26-26,-30.0,29.597162,46.204721,0.6,8492.14,0.4,1800,650,360,1,2
dataset_filtered/A2a_248.jpg,2024-10-10_14-26-29,15.01312,-37.831047,46.554077,0.6,8559.61,0.4,1800,650,360,1,2
dataset_filtered/A2a_249.jpg,2024-10-10_14-26-32,-24.454386,-33.017155,46.641631,0.6,8576.59,0.4,1800,650,360,1,2
dataset_filtered/A2a_250.jpg,2024-10-10_14-26-35,-37.5569,12.318349,46.748927,0.6,8597.39,0.4,1800,650,360,1,2
dataset_filtered/A2a_251.jpg,2024-10-10_14-26-38,8.114391,39.167671,46.906009,0.6,8627.4,0.4,1800,650,360,1,2
dataset_filtered/A2a_252.jpg,2024-10-10_14-26-40,17.641516,-37.437548,47.148927,0.6,8674.69,0.4,1800,650,360,1,2
dataset_filtered/A2a_253.jpg,2024-10-10_14-26-43,1.443661,-42.388575,47.18412,0.6,8681.54,0.4,1800,650,360,1,2
dataset_filtered/A2a_254.jpg,2024-10-10_14-26-46,-41.385434,1.135174,47.325751,0.6,8709.1,0.4,1800,650,360,1,2
dataset_filtered/A2a_255.jpg,2024-10-10_14-26-49,35.170837,18.726962,47.578112,0.6,8757.77,0.4,1800,650,360,1,2
dataset_filtered/A2a_256.jpg,2024-10-10_14-26-52,31.335214,-42.71046,47.718884,0.6,8785.29,0.4,1800,650,360,1,2
dataset_filtered/A2a_257.jpg,2024-10-10_14-26-55,-12.183738,-34.378427,47.817597,0.6,8804.58,0.4,1800,650,360,1,2
dataset_filtered/A2a_258.jpg,2024-10-10_14-26-57,-39.563993,20.0,47.969528,0.6,8834.08,0.4,1800,650,360,1,2
dataset_filtered/A2a_259.jpg,2024-10-10_14-27-00,2.985605,39.887707,48.097425,0.6,8858.76,0.4,1800,650,360,1,2
dataset_filtered/A2a_260.jpg,2024-10-10_14-27-03,33.057386,-42.909376,48.315451,0.6,8901.48,0.4,1800,650,360,1,2
dataset_filtered/A2a_261.jpg,2024-10-10_14-27-06,-28.046224,-31.492106,48.451931,0.6,8928.23,0.4,1800,650,360,1,2
dataset_filtered/A2a_262.jpg,2024-10-10_14-27-09,-30.222122,20.084024,48.590129,0.6,8955.12,0.4,1800,650,360,1,2
dataset_filtered/A2a_263.jpg,2024-10-10_14-27-11,-18.984514,40.0,48.653648,0.6,8967.29,0.4,1800,650,360,1,2
dataset_filtered/A2a_264.jpg,2024-10-10_14-27-14,17.200658,-36.89943,48.950644,0.6,9025.63,0.4,1800,650,360,1,2
dataset_filtered/A2a_265.jpg,2024-10-10_14-27-17,-42.437475,-3.368177,49.119742,0.6,9058.84,0.4,1800,650,360,1,2
dataset_filtered/A2a_266.jpg,2024-10-10_14-27-20,-30.0,20.958111,49.193562,0.6,9073.12,0.4,1800,650,360,1,2
dataset_filtered/A2a_267.jpg,2024-10-10_14-27-23,14.610394,36.936171,49.324034,0.6,9098.55,0.4,1800,650,360,1,2
dataset_filtered/A2a_268.jpg,2024-10-10_14-27-25,-17.079565,-33.811789,49.629614,0.6,9158.73,0.4,1800,650,360,1,2
dataset_filtered/A2a_269.jpg,2024-10-10_14-27-28,-36.929063,13.869552,49.758369,0.6,9184.07,0.4,1800,650,360,1,2
dataset_filtered/A2a_270.jpg,2024-10-10_14-27-31,-28.988262,30.0,49.815021,0.6,9194.98,0.4,1800,650,360,1,2
dataset_filtered/A2a_271.jpg,2024-10-10_14-27-34,17.823361,-36.741821,50.149785,0.6,9260.84,0.4,1800,650,360,1,2
dataset_filtered/A2a_272.jpg,2024-10-10_14-27-37,-42.559646,-3.757407,50.320601,0.6,9294.51,0.4,1800,650,360,1,2
dataset_filtered/A2a_273.jpg,2024-10-10_14-27-40,-39.297849,20.0,50.374678,0.6,9305.07,0.4,1800,650,360,1,2
dataset_filtered/A2a_274.jpg,2024-10-10_14-27-42,-20.0,30.757529,50.435622,0.6,9316.92,0.4,1800,650,360,1,2
dataset_filtered/A2a_275.jpg,2024-10-10_14-27-45,-10.85918,-34.287159,50.817597,0.6,9392.24,0.4,1800,650,360,1,2
dataset_filtered/A2a_276.jpg,2024-10-10_14-27-48,-36.670665,13.15888,50.958369,0.6,9419.99,0.4,1800,650,360,1,2
dataset_filtered/A2a_277.jpg,2024-10-10_14-27-51,-20.055655,30.076102,51.034764,0.6,9434.88,0.4,1800,650,360,1,2
dataset_filtered/A2a_278.jpg,2024-10-10_14-27-54,17.097316,-36.596564,51.351502,0.6,9497.31,0.4,1800,650,360,1,2
dataset_filtered/A2a_279.jpg,2024-10-10_14-27-56,-42.369699,-4.591385,51.519742,0.6,9530.48,0.4,1800,650,360,1,2
dataset_filtered/A2a_280.jpg,2024-10-10_14-27-59,-39.402525,20.0,51.575536,0.6,9541.39,0.4,1800,650,360,1,2
dataset_filtered/A2a_281.jpg,2024-10-10_14-28-02,-20.193031,30.0,51.634764,0.6,9553.02,0.4,1800,650,360,1,2
dataset_filtered/A2a_282.jpg,2024-10-10_14-28-05,-13.135772,-33.606137,52.022747,0.6,9629.4,0.4,1800,650,360,1,2
dataset_filtered/A2a_283.jpg,2024-10-10_14-28-08,-36.646496,12.900317,52.158369,0.6,9656.1,0.4,1800,650,360,1,2
dataset_filtered/A2a_284.jpg,2024-10-10_14-28-10,-20.0,39.840563,52.255365,0.6,9675.05,0.4,1800,650,360,1,2
dataset_filtered/A2a_285.jpg,2024-10-10_14-28-13,20.74868,-37.666496,52.543777,0.6,9731.74,0.4,1800,650,360,1,2
dataset_filtered/A2a_286.jpg,2024-10-10_14-28-16,-42.545213,-3.802089,52.721459,0.6,9766.65,0.4,1800,650,360,1,2
dataset_filtered/A2a_287.jpg,2024-10-10_14-28-19,-29.990906,29.979119,52.815021,0.6,9784.91,0.4,1800,650,360,1,2
dataset_filtered/A2a_288.jpg,2024-10-10_14-28-22,7.747154,38.740019,52.912876,0.6,9804.02,0.4,1800,650,360,1,2
dataset_filtered/A2a_289.jpg,2024-10-10_14-28-24,-17.028273,-33.797423,53.230472,0.6,9866.31,0.4,1800,650,360,1,2
dataset_filtered/A2a_290.jpg,2024-10-10_14-28-27,-30.0,20.847606,53.396137,0.6,9898.65,0.4,1800,650,360,1,2
dataset_filtered/A2a_291.jpg,2024-10-10_14-28-30,6.191799,39.318667,53.509442,0.6,9920.7,0.4,1800,650,360,1,2
dataset_filtered/A2a_292.jpg,2024-10-10_14-28-33,15.384154,-37.023916,53.754936,0.6,9968.67,0.4,1800,650,360,1,2
dataset_filtered/A2a_293.jpg,2024-10-10_14-28-36,-36.911937,12.935683,53.957511,0.6,10008.19,0.4,1800,650,360,1,2
dataset_filtered/A2a_294.jpg,2024-10-10_14-28-39,39.641017,-40.213117,54.300858,0.6,10074.84,0.4,1800,650,360,1,2
dataset_filtered/A2a_295.jpg,2024-10-10_14-28-42,32.32982,-43.036171,54.317167,0.6,10078.01,0.4,1800,650,360,1,2
dataset_filtered/A2a_296.jpg,2024-10-10_14-28-44,-42.153477,-3.973951,54.519742,0.6,10117.34,0.4,1800,650,360,1,2
dataset_filtered/A2a_297.jpg,2024-10-10_14-28-47,40.0,-9.66393,54.837339,0.6,10178.65,0.4,1800,650,360,1,2
dataset_filtered/A2a_298.jpg,2024-10-10_14-28-50,16.910498,-37.138762,54.951502,0.6,10200.74,0.4,1800,650,360,1,2
dataset_filtered/A2a_299.jpg,2024-10-10_14-28-53,-32.288038,-17.221488,55.084549,0.6,10226.44,0.4,1800,650,360,1,2
dataset_filtered/A2a_300.jpg,2024-10-10_14-28-56,39.916875,2.574524,55.411588,0.6,10289.22,0.4,1800,650,360,1,2
dataset_filtered/A2a_301.jpg,2024-10-10_14-28-59,-2.207515,-41.329657,55.593562,0.6,10324.23,0.4,1800,650,360,1,2
dataset_filtered/A2a_302.jpg,2024-10-10_14-29-01,-12.42993,-34.471441,55.619313,0.6,10329.18,0.4,1800,650,360,1,2
dataset_filtered/A2a_303.jpg,2024-10-10_14-29-04,2.646175,39.551138,55.901717,0.6,10383.07,0.4,1800,650,360,1,2
dataset_filtered/A2a_304.jpg,2024-10-10_14-29-07,-41.031693,-5.608132,56.313734,0.6,10461.85,0.4,1800,650,360,1,2
dataset_filtered/A2a_305.jpg,2024-10-10_14-29-10,-39.347165,20.0,56.371245,0.6,10472.72,0.4,1800,650,360,1,2
dataset_filtered/A2a_306.jpg,2024-10-10_14-29-13,39.626203,-40.163742,56.700858,0.6,10535.29,0.4,1800,650,360,1,2
dataset_filtered/A2a_307.jpg,2024-10-10_14-29-15,-37.86622,12.507754,56.952361,0.6,10583.01,0.4,1800,650,360,1,2
dataset_filtered/A2a_308.jpg,2024-10-10_14-29-18,-19.362303,40.0,57.054506,0.6,10602.07,0.4,1800,650,360,1,2
dataset_filtered/A2a_309.jpg,2024-10-10_14-29-21,39.999456,0.189728,57.215021,0.6,10632.44,0.4,1800,650,360,1,2
dataset_filtered/A2a_310.jpg,2024-10-10_14-29-24,-39.175658,-8.507628,57.50515,0.6,10687.22,0.4,1800,650,360,1,2
dataset_filtered/A2a_311.jpg,2024-10-10_14-29-27,39.707607,-0.171284,57.815021,0.6,10745.29,0.4,1800,650,360,1,2
dataset_filtered/A2a_312.jpg,2024-10-10_14-29-29,20.084346,-38.662633,57.943777,0.6,10769.47,0.4,1800,650,360,1,2
dataset_filtered/A2a_313.jpg,2024-10-10_14-29-32,-35.587693,-13.524232,58.091416,0.6,10797.15,0.4,1800,650,360,1,2
dataset_filtered/A2a_314.jpg,2024-10-10_14-29-35,-1.327162,39.940296,58.292275,0.6,10834.51,0.4,1800,650,360,1,2
dataset_filtered/A2a_315.jpg,2024-10-10_14-29-38,4.656694,-41.008464,58.577253,0.6,10887.76,0.4,1800,650,360,1,2
dataset_filtered/A2a_316.jpg,2024-10-10_14-29-41,-29.401975,-27.550001,58.65794,0.6,10902.8,0.4,1800,650,360,1,2
dataset_filtered/A2a_317.jpg,2024-10-10_14-29-43,-20.071495,30.0,58.830472,0.6,10934.82,0.4,1800,650,360,1,2
dataset_filtered/A2a_318.jpg,2024-10-10_14-29-46,-24.083381,-32.093098,59.242489,0.6,11011.35,0.4,1800,650,360,1,2
dataset_filtered/A2a_319.jpg,2024-10-10_14-29-49,-31.784964,-23.171484,59.26824,0.6,11016.12,0.4,1800,650,360,1,2
dataset_filtered/A2a_320.jpg,2024-10-10_14-29-52,-19.625396,40.0,59.45279,0.6,11050.21,0.4,1800,650,360,1,2
dataset_filtered/A2a_321.jpg,2024-10-10_14-29-55,-31.881632,-23.083953,59.86824,0.6,11127.06,0.4,1800,650,360,1,2
dataset_filtered/A2a_322.jpg,2024-10-10_14-29-58,-30.0,20.219332,59.987554,0.6,11149.02,0.4,1800,650,360,1,2
dataset_filtered/A2a_323.jpg,2024-10-10_14-30-00,-3.5171,39.777138,60.087983,0.6,11167.47,0.4,1800,650,360,1,2
dataset_filtered/A2a_324.jpg,2024-10-10_14-30-03,-39.995601,19.924478,60.565236,0.6,11255.39,0.4,1800,650,360,1,2
dataset_filtered/A2a_325.jpg,2024-10-10_14-30-06,-19.402342,40.0,60.653648,0.6,11271.49,0.4,1800,650,360,1,2
dataset_filtered/A2a_326.jpg,2024-10-10_14-30-09,14.368444,-39.869731,60.955794,0.6,11327.01,0.4,1800,650,360,1,2
dataset_filtered/A2a_327.jpg,2024-10-10_14-30-12,-39.416459,20.0,61.166953,0.6,11365.72,0.4,1800,650,360,1,2
dataset_filtered/A2a_328.jpg,2024-10-10_14-30-15,40.0,-40.0,61.5,0.6,11426.63,0.4,1800,650,360,1,2
dataset_filtered/A2a_329.jpg,2024-10-10_14-30-18,-19.686975,-34.239399,61.632189,0.6,11450.89,0.4,1800,650,360,1,2
dataset_filtered/A2a_330.jpg,2024-10-10_14-30-20,-30.0,20.359415,61.788412,0.6,11479.52,0.4,1800,650,360,1,2
dataset_filtered/A2a_331.jpg,2024-10-10_14-30-23,24.243847,-40.039353,62.134335,0.6,11543.0,0.4,1800,650,360,1,2
dataset_filtered/A2a_332.jpg,2024-10-10_14-30-26,-22.095244,-32.214681,62.239056,0.6,11562.26,0.4,1800,650,360,1,2
dataset_filtered/A2a_333.jpg,2024-10-10_14-30-29,-40.036002,19.717883,62.365236,0.6,11585.49,0.4,1800,650,360,1,2
dataset_filtered/A2a_334.jpg,2024-10-10_14-30-32,-3.581514,39.323092,62.488841,0.6,11608.11,0.4,1800,650,360,1,2
dataset_filtered/A2a_335.jpg,2024-10-10_14-30-35,14.399829,-40.72051,62.755794,0.6,11657.37,0.4,1800,650,360,1,2
dataset_filtered/A2a_336.jpg,2024-10-10_14-30-37,-34.338677,-20.531214,62.875966,0.6,11679.55,0.4,1800,650,360,1,2
dataset_filtered/A2a_337.jpg,2024-10-10_14-30-40,-30.0,20.2862,62.988412,0.6,11700.26,0.4,1800,650,360,1,2
dataset_filtered/A2a_338.jpg,2024-10-10_14-30-43,40.0,-4.18212,63.222747,0.6,11743.51,0.4,1800,650,360,1,2
dataset_filtered/A2a_339.jpg,2024-10-10_14-30-46,15.624382,-41.127864,63.353219,0.6,11767.7,0.4,1800,650,360,1,2
dataset_filtered/A2a_340.jpg,2024-10-10_14-30-49,-34.683565,-20.46679,63.476824,0.6,11790.62,0.4,1800,650,360,1,2
dataset_filtered/A2a_341.jpg,2024-10-10_14-30-52,-20.401655,30.0,63.630472,0.6,11819.01,0.4,1800,650,360,1,2
dataset_filtered/A2a_342.jpg,2024-10-10_14-30-54,-19.975364,39.953774,63.65279,0.6,11823.12,0.4,1800,650,360,1,2
dataset_filtered/A2a_343.jpg,2024-10-10_14-30-57,27.41978,-39.226509,63.927468,0.6,11874.23,0.4,1800,650,360,1,2
dataset_filtered/A2a_344.jpg,2024-10-10_14-31-00,-38.339059,0.331243,64.124034,0.6,11910.87,0.4,1800,650,360,1,2
dataset_filtered/A2a_345.jpg,2024-10-10_14-31-03,-30.057869,20.150247,64.18927,0.6,11922.96,0.4,1800,650,360,1,2
dataset_filtered/A2a_346.jpg,2024-10-10_14-31-06,-1.791922,39.852245,64.292275,0.6,11942.05,0.4,1800,650,360,1,2
dataset_filtered/A2a_347.jpg,2024-10-10_14-31-09,-10.926655,-39.428957,64.611588,0.6,12001.89,0.4,1800,650,360,1,2
dataset_filtered/A2a_348.jpg,2024-10-10_14-31-11,-38.300321,-12.414156,64.697425,0.6,12017.99,0.4,1800,650,360,1,2
dataset_filtered/A2a_349.jpg,2024-10-10_14-31-14,-30.360038,20.0,64.78927,0.6,12035.18,0.4,1800,650,360,1,2
dataset_filtered/A2a_350.jpg,2024-10-10_14-31-17,39.71488,-0.399529,65.01588,0.6,12077.61,0.4,1800,650,360,1,2
dataset_filtered/A2a_351.jpg,2024-10-10_14-31-20,-21.100321,-32.109452,65.239914,0.6,12119.89,0.4,1800,650,360,1,2
dataset_filtered/A2a_352.jpg,2024-10-10_14-31-23,-37.93474,-8.448787,65.306867,0.6,12132.53,0.4,1800,650,360,1,2
dataset_filtered/A2a_353.jpg,2024-10-10_14-31-26,-29.509659,30.0,65.413305,0.6,12152.46,0.4,1800,650,360,1,2
dataset_filtered/A2a_354.jpg,2024-10-10_14-31-28,26.76528,-39.025574,65.729185,0.6,12212.29,0.4,1800,650,360,1,2
dataset_filtered/A2a_355.jpg,2024-10-10_14-31-31,-1.399657,-37.847951,65.791845,0.6,12224.21,0.4,1800,650,360,1,2
dataset_filtered/A2a_356.jpg,2024-10-10_14-31-34,-36.909994,-4.147297,65.917167,0.6,12248.04,0.4,1800,650,360,1,2
dataset_filtered/A2a_357.jpg,2024-10-10_14-31-37,0.151887,39.994869,66.097425,0.6,12282.09,0.4,1800,650,360,1,2
dataset_filtered/A2a_358.jpg,2024-10-10_14-31-40,31.892408,-37.324989,66.318026,0.6,12324.28,0.4,1800,650,360,1,2
dataset_filtered/A2a_359.jpg,2024-10-10_14-31-43,1.631849,-37.08672,66.385837,0.6,12337.27,0.4,1800,650,360,1,2
dataset_filtered/A2a_360.jpg,2024-10-10_14-31-46,-36.582652,-3.034544,66.520601,0.6,12363.09,0.4,1800,650,360,1,2
dataset_filtered/A2a_361.jpg,2024-10-10_14-31-48,-30.0,20.386691,66.594421,0.6,12377.12,0.4,1800,650,360,1,2
dataset_filtered/A2a_362.jpg,2024-10-10_14-31-51,-19.497686,40.0,66.657082,0.6,12388.97,0.4,1800,650,360,1,2
dataset_filtered/A2a_363.jpg,2024-10-10_14-31-54,17.046475,-42.959362,66.951502,0.6,12445.7,0.4,1800,650,360,1,2
dataset_filtered/A2a_364.jpg,2024-10-10_14-31-57,-24.461208,-26.712183,67.055365,0.6,12465.74,0.4,1800,650,360,1,2
dataset_filtered/A2a_365.jpg,2024-10-10_14-32-00,-38.330878,-17.697048,67.090558,0.6,12472.54,0.4,1800,650,360,1,2
dataset_filtered/A2a_366.jpg,2024-10-10_14-32-03,-29.789793,29.958111,67.21588,0.6,12496.57,0.4,1800,650,360,1,2
dataset_filtered/A2a_367.jpg,2024-10-10_14-32-06,15.923378,-43.111707,67.554077,0.6,12562.07,0.4,1800,650,360,1,2
dataset_filtered/A2a_368.jpg,2024-10-10_14-32-09,-7.759348,-39.893858,67.607296,0.6,12572.42,0.4,1800,650,360,1,2
dataset_filtered/A2a_369.jpg,2024-10-10_14-32-11,-33.202013,-22.853573,67.675966,0.6,12585.77,0.4,1800,650,360,1,2
dataset_filtered/A2a_370.jpg,2024-10-10_14-32-14,4.203513,39.201525,67.907725,0.6,12630.59,0.4,1800,650,360,1,2
dataset_filtered/A2a_371.jpg,2024-10-10_14-32-17,12.510354,-42.005766,68.161803,0.6,12680.27,0.4,1800,650,360,1,2
dataset_filtered/A2a_372.jpg,2024-10-10_14-32-20,1.852746,-36.386042,68.186695,0.6,12685.14,0.4,1800,650,360,1,2
dataset_filtered/A2a_373.jpg,2024-10-10_14-32-23,-36.43194,-0.421153,68.329185,0.6,12713.03,0.4,1800,650,360,1,2
dataset_filtered/A2a_374.jpg,2024-10-10_14-32-26,32.040158,-36.425769,68.718026,0.6,12789.14,0.4,1800,650,360,1,2
dataset_filtered/A2a_375.jpg,2024-10-10_14-32-28,16.971172,-43.590288,68.752361,0.6,12795.9,0.4,1800,650,360,1,2
dataset_filtered/A2a_376.jpg,2024-10-10_14-32-31,-22.733607,-27.550205,68.853648,0.6,12815.85,0.4,1800,650,360,1,2
dataset_filtered/A2a_377.jpg,2024-10-10_14-32-34,2.901277,39.894573,69.10515,0.6,12865.23,0.4,1800,650,360,1,2
dataset_filtered/A2a_378.jpg,2024-10-10_14-32-37,31.223589,-36.372947,69.319742,0.6,12907.67,0.4,1800,650,360,1,2
dataset_filtered/A2a_379.jpg,2024-10-10_14-32-40,3.830792,-36.436533,69.383262,0.6,12920.25,0.4,1800,650,360,1,2
dataset_filtered/A2a_380.jpg,2024-10-10_14-32-43,-38.055054,2.547768,69.537768,0.6,12950.85,0.4,1800,650,360,1,2
dataset_filtered/A2a_381.jpg,2024-10-10_14-32-46,33.77927,-36.337721,69.914592,0.6,13025.48,0.4,1800,650,360,1,2
dataset_filtered/A2a_382.jpg,2024-10-10_14-32-48,27.026366,-38.262519,69.929185,0.6,13028.38,0.4,1800,650,360,1,2
dataset_filtered/A2a_383.jpg,2024-10-10_14-32-51,-16.264906,-39.389944,70.027039,0.6,13047.85,0.4,1800,650,360,1,2
dataset_filtered/A2a_384.jpg,2024-10-10_14-32-54,7.435931,39.182098,70.314592,0.6,13104.96,0.4,1800,650,360,1,2
dataset_filtered/A2a_385.jpg,2024-10-10_14-32-57,30.831267,-36.265087,70.520601,0.6,13146.06,0.4,1800,650,360,1,2
dataset_filtered/A2a_386.jpg,2024-10-10_14-33-00,3.595698,-36.16787,70.58412,0.6,13158.75,0.4,1800,650,360,1,2
dataset_filtered/A2a_387.jpg,2024-10-10_14-33-03,-35.495424,-1.809236,70.728326,0.6,13187.55,0.4,1800,650,360,1,2
dataset_filtered/A2a_388.jpg,2024-10-10_14-33-05,32.530662,-36.0136,71.117167,0.6,13265.18,0.4,1800,650,360,1,2
dataset_filtered/A2a_389.jpg,2024-10-10_14-33-08,18.013782,-43.885287,71.150644,0.6,13271.88,0.4,1800,650,360,1,2
dataset_filtered/A2a_390.jpg,2024-10-10_14-33-11,-22.976977,-26.698062,71.256223,0.6,13293.02,0.4,1800,650,360,1,2
dataset_filtered/A2a_391.jpg,2024-10-10_14-33-14,38.978711,8.981503,71.602146,0.6,13362.18,0.4,1800,650,360,1,2
dataset_filtered/A2a_392.jpg,2024-10-10_14-33-17,30.409537,-36.345102,71.721459,0.6,13386.1,0.4,1800,650,360,1,2
dataset_filtered/A2a_393.jpg,2024-10-10_14-33-20,15.851597,-43.873473,71.754936,0.6,13392.81,0.4,1800,650,360,1,2
dataset_filtered/A2a_394.jpg,2024-10-10_14-33-23,-35.482466,-3.774891,71.924034,0.6,13426.71,0.4,1800,650,360,1,2
dataset_filtered/A2a_395.jpg,2024-10-10_14-33-26,40.0,-1.688377,72.223605,0.6,13486.58,0.4,1800,650,360,1,2
dataset_filtered/A2a_396.jpg,2024-10-10_14-33-28,21.092988,-42.550945,72.343777,0.6,13510.68,0.4,1800,650,360,1,2
dataset_filtered/A2a_397.jpg,2024-10-10_14-33-31,-12.591612,-41.142026,72.418455,0.6,13525.65,0.4,1800,650,360,1,2
dataset_filtered/A2a_398.jpg,2024-10-10_14-33-34,2.86395,39.896907,72.703433,0.6,13582.53,0.4,1800,650,360,1,2
dataset_filtered/A2a_399.jpg,2024-10-10_14-33-37,30.363197,-36.463466,72.921459,0.6,13626.22,0.4,1800,650,360,1,2
dataset_filtered/A2a_400.jpg,2024-10-10_14-33-40,17.841528,-43.806017,72.950644,0.6,13632.06,0.4,1800,650,360,1,2
dataset_filtered/A2a_401.jpg,2024-10-10_14-33-43,-35.552831,-2.219993,73.125751,0.6,13667.13,0.4,1800,650,360,1,2
dataset_filtered/A2a_402.jpg,2024-10-10_14-33-46,33.708656,-36.400833,73.514592,0.6,13744.63,0.4,1800,650,360,1,2
dataset_filtered/A2a_403.jpg,2024-10-10_14-33-48,15.180555,-43.479246,73.555794,0.6,13752.86,0.4,1800,650,360,1,2
dataset_filtered/A2a_404.jpg,2024-10-10_14-33-51,-16.073477,-39.427544,73.625322,0.6,13766.76,0.4,1800,650,360,1,2
dataset_filtered/A2a_405.jpg,2024-10-10_14-33-54,-20.18739,30.123734,73.835622,0.6,13808.54,0.4,1800,650,360,1,2
dataset_filtered/A2a_406.jpg,2024-10-10_14-33-57,30.287478,-36.725119,74.121459,0.6,13865.46,0.4,1800,650,360,1,2
dataset_filtered/A2a_407.jpg,2024-10-10_14-34-00,5.274697,-37.215337,74.17897,0.6,13876.91,0.4,1800,650,360,1,2
dataset_filtered/A2a_408.jpg,2024-10-10_14-34-02,-35.821643,-3.230571,74.321459,0.6,13905.3,0.4,1800,650,360,1,2
dataset_filtered/A2a_409.jpg,2024-10-10_14-34-05,33.185428,-36.61702,74.715451,0.6,13983.27,0.4,1800,650,360,1,2
dataset_filtered/A2a_410.jpg,2024-10-10_14-34-08,14.902119,-43.09127,74.755794,0.6,13991.28,0.4,1800,650,360,1,2
dataset_filtered/A2a_411.jpg,2024-10-10_14-34-11,-24.111208,-26.486732,74.854506,0.6,14010.88,0.4,1800,650,360,1,2
dataset_filtered/A2a_412.jpg,2024-10-10_14-34-14,8.386446,39.109918,75.1103,0.6,14061.18,0.4,1800,650,360,1,2
dataset_filtered/A2a_413.jpg,2024-10-10_14-34-17,15.149629,-42.971355,75.354936,0.6,14109.59,0.4,1800,650,360,1,2
dataset_filtered/A2a_414.jpg,2024-10-10_14-34-20,-12.711971,-40.423277,75.41588,0.6,14121.63,0.4,1800,650,360,1,2
dataset_filtered/A2a_415.jpg,2024-10-10_14-34-23,-40.276254,19.554826,75.569528,0.6,14151.99,0.4,1800,650,360,1,2
dataset_filtered/A2a_416.jpg,2024-10-10_14-34-25,5.250448,-37.678531,75.977253,0.6,14231.89,0.4,1800,650,360,1,2
dataset_filtered/A2a_417.jpg,2024-10-10_14-34-28,-22.564209,-28.834472,76.046781,0.6,14245.56,0.4,1800,650,360,1,2
dataset_filtered/A2a_418.jpg,2024-10-10_14-34-31,-36.482972,-2.324873,76.118884,0.6,14259.73,0.4,1800,650,360,1,2
dataset_filtered/A2a_419.jpg,2024-10-10_14-34-34,31.738077,-37.281683,76.518026,0.6,14337.59,0.4,1800,650,360,1,2
dataset_filtered/A2a_420.jpg,2024-10-10_14-34-37,-36.959837,-1.163953,76.719742,0.6,14377.03,0.4,1800,650,360,1,2
dataset_filtered/A2a_421.jpg,2024-10-10_14-34-39,-30.097295,20.345831,76.787554,0.6,14390.15,0.4,1800,650,360,1,2
dataset_filtered/A2a_422.jpg,2024-10-10_14-34-42,1.374585,-37.381559,77.18412,0.6,14467.16,0.4,1800,650,360,1,2
dataset_filtered/A2a_423.jpg,2024-10-10_14-34-45,8.26517,39.135996,77.50515,0.6,14529.11,0.4,1800,650,360,1,2
dataset_filtered/A2a_424.jpg,2024-10-10_14-34-48,1.917889,-37.678382,77.782403,0.6,14582.83,0.4,1800,650,360,1,2
dataset_filtered/A2a_425.jpg,2024-10-10_14-34-51,-38.363799,-12.552314,77.893133,0.6,14604.24,0.4,1800,650,360,1,2
dataset_filtered/A2a_426.jpg,2024-10-10_14-34-54,27.245417,29.285841,78.148927,0.6,14653.26,0.4,1800,650,360,1,2
dataset_filtered/A2a_427.jpg,2024-10-10_14-34-56,-41.175696,8.549618,78.53691,0.6,14727.98,0.4,1800,650,360,1,2
dataset_filtered/A2a_428.jpg,2024-10-10_14-34-59,-29.983574,29.687658,78.602146,0.6,14740.38,0.4,1800,650,360,1,2
dataset_filtered/A2a_429.jpg,2024-10-10_14-35-02,38.244112,11.720894,78.791845,0.6,14776.6,0.4,1800,650,360,1,2
dataset_filtered/A2a_430.jpg,2024-10-10_14-35-05,-40.911616,8.390078,79.135193,0.6,14842.41,0.4,1800,650,360,1,2
dataset_filtered/A2a_431.jpg,2024-10-10_14-35-08,-19.52864,40.0,79.244206,0.6,14862.94,0.4,1800,650,360,1,2
dataset_filtered/A2a_432.jpg,2024-10-10_14-35-10,38.184571,11.913537,79.390987,0.6,14891.03,0.4,1800,650,360,1,2
dataset_filtered/A2a_433.jpg,2024-10-10_14-35-13,-38.338082,-2.283953,79.711159,0.6,14952.16,0.4,1800,650,360,1,2
dataset_filtered/A2a_434.jpg,2024-10-10_14-35-16,33.799475,21.391339,79.96867,0.6,15001.0,0.4,1800,650,360,1,2
dataset_filtered/A2a_435.jpg,2024-10-10_14-35-19,-2.627689,-39.158385,80.190129,0.6,15043.18,0.4,1800,650,360,1,2
dataset_filtered/A2a_436.jpg,2024-10-10_14-35-22,-30.008516,20.13634,80.37897,0.6,15079.03,0.4,1800,650,360,1,2
dataset_filtered/A2a_437.jpg,2024-10-10_14-35-25,0.942549,-39.358657,80.782403,0.6,15155.61,0.4,1800,650,360,1,2
dataset_filtered/A2a_438.jpg,2024-10-10_14-35-27,-40.018162,19.755146,80.956652,0.6,15188.7,0.4,1800,650,360,1,2
dataset_filtered/A2a_439.jpg,2024-10-10_14-35-30,-20.0,39.724527,81.040773,0.6,15204.55,0.4,1800,650,360,1,2
